## RankNet
## Epochs = 200
## No. of features = 3
## No. of hidden layers = 1
## Layer 1: 10 neurons
1 2 3
1
10
0 0 -353.3017834587237 1175.2464742760224 1192.4506408697723 -300.1559908199993 1159.6055288724272 -343.4354402684131 1181.4152777607303 -364.14920047146035 -273.09638758272445 -344.22403534312986
0 1 -4.3703922675836875 -312.4759412782228 -317.0851668346985 -3.761168611071182 -308.2865271531214 -4.264814618269936 -314.1236911240585 -4.494133080709863 -3.4751512984724227 -4.259392925109993
0 2 12.049535233361597 -88.01781824132541 -89.30034965588358 10.315048981422386 -87.01082826204087 11.738810720284297 -88.51648890928982 12.40925374306094 9.516031735503672 11.734471086663472
0 3 1.8575382398888576 -13.816516263307776 -13.98758382186057 1.5642409360962495 -13.500036542144604 1.8782763325866363 -13.828455480474481 1.955205469229303 1.4704385786170344 1.7465073938308566 -3.9890549398530672
1 0 -2.7514044929491286
1 1 15.10636231936866
1 2 15.214109683188882
1 3 -2.4430064741474067
1 4 15.007837618362046
1 5 -2.697959197392739
1 6 15.14425119547258
1 7 -2.803861865635476
1 8 -2.2803557557452367
1 9 -2.7009647471818305
