## RankNet
## Epochs = 100
## No. of features = 3
## No. of hidden layers = 1
## Layer 1: 10 neurons
1 2 3
1
10
0 0 0.07139864955236695 0.08731991972525242 -0.019143505498434066 -0.02314264338857391 -0.026780649966664825 -0.09878443605023765 0.0997448446570073 0.0768152196881186 0.07720762377856832 0.016846090013294294
0 1 0.12506658420827088 0.30388371303996237 0.2547615560370066 -0.07714818748744794 -0.1219174321548028 -0.09675527298369221 0.010903372205149338 0.2571862815796736 0.28353554148796767 -0.03163997386681624
0 2 -0.01658867018957661 -0.042016931444580234 -0.03761287820321584 -0.03847467874635091 -0.021008654244568 0.06260206223732337 -0.060241856886792705 0.004927231467449685 0.07615917653730414 -0.026004189001702132
0 3 -0.0656647938590865 -0.07429386648751117 -0.014200002829546908 0.02937699497494248 0.012687033049592452 -0.08628933004925751 0.0830884339237334 0.08646064307655038 0.08310385619657142 0.01378670962942823 -0.03058286811569588
1 0 0.08017509136611564
1 1 0.08859677110350848
1 2 0.06929904726323739
1 3 -0.03939626290990253
1 4 -0.06976580103568103
1 5 -0.05778245130857823
1 6 0.0638558995428061
1 7 0.05728187277865716
1 8 0.09967217547314983
1 9 -0.02608689165128311
