## RankNet
## Epochs = 100
## No. of features = 3
## No. of hidden layers = 1
## Layer 1: 10 neurons
1 2 3
1
10
0 0 -0.3108188101868519 -0.13198274727575873 -0.2294143193335321 0.06022638676000101 0.25555093168437604 -0.4040665017699426 0.13226157431985094 -0.29384004516590406 -0.25193536768589003 0.05201041253743705
0 1 -1.0420443809676692 -0.7099212228108444 -0.5076624617129437 0.39009448090791776 0.6341266014348529 -1.1511259941789767 0.4909563038004794 -1.1137994908809228 -0.7801022593783364 0.296305436570697
0 2 0.05009283805280638 0.0906232397891192 -0.08930837190347966 -0.09226637972535343 -0.06423500059137364 0.010485083597156953 -0.03633494612491778 -0.04417854825228518 0.07733967158726908 0.013542551777618107
0 3 -0.06719798315073733 -0.041332250218160914 -0.09900317895800534 -0.08942140941992283 -0.035213446165108804 0.00768965541587054 0.08974927056437716 -0.0930927832915042 0.04813835805458851 0.019168317065910417 0.007385543086532749
1 0 -0.06960487291075439
1 1 -0.05305070189506085
1 2 -0.0357898716792611
1 3 0.048967987468261344
1 4 0.052498483003281006
1 5 -0.08153715930170954
1 6 0.05006440837280251
1 7 -0.07561942746386127
1 8 -0.049744722482842486
1 9 0.023706460035507606
