## RankNet
## Epochs = 100
## No. of features = 3
## No. of hidden layers = 1
## Layer 1: 10 neurons
1 2 3
1
10
0 0 0.10283297421372019 -0.14596715001873922 0.0898231639376619 0.13111220096648482 -0.24108931845310394 0.2070036110516686 0.1378571866402869 0.14188769521681727 -0.16683604773896446 -0.25014570899624405
0 1 0.15919052544975143 -0.2102694016918656 0.40861630223443207 0.4000887228364081 -0.6332172195678203 0.3120703992613985 0.07425909198698287 0.41341160414694517 -0.36060517371443906 -0.5292467723876733
0 2 -0.06812488938500728 -0.06916703939630778 -0.019609361675733534 0.0693137779787772 -0.06538960757397588 -0.07505992699651172 -0.09202740753232516 -0.007538546803879324 -0.004380616102865962 -0.05014788345148164
0 3 -0.03875719380408427 0.0894455376535643 0.08530632161591142 0.04861765713646972 0.016632153352699842 0.04235330975943412 0.027222218165683078 0.0854997415630881 -0.020972837971983325 -0.07760530049202348 0.013016767179343842
1 0 0.06696033822785612
1 1 -0.020076169706570553
1 2 0.06563381085199267
1 3 0.06681552141727086
1 4 -0.08511795627734024
1 5 0.07215303595950674
1 6 0.07861188879899608
1 7 0.07520114463896091
1 8 -0.0658752617395838
1 9 -0.06817468003916832
