## RankNet
## Epochs = 100
## No. of features = 3
## No. of hidden layers = 1
## Layer 1: 10 neurons
1 2 3
1
10
0 0 0.16387356757252278 0.09117242289345323 -0.362447899971331 -0.5396252004384422 -0.38418704863150716 -0.4423961942148031 -0.17052470716079823 0.08754997633261552 -0.3082016150410728 0.2552170294182352
0 1 0.49756281836251876 0.2564004367679633 -1.0484003042579764 -1.1291938792861498 -0.6747305005649876 -0.8152483944456238 -0.45909472593290584 0.3710126840556833 -0.5106105675411572 0.573704664625252
0 2 0.025304131191290418 -0.023081146759016097 0.05926278904588588 -0.07078870611122803 -0.05901153551057347 -0.05062059931274413 -0.09341786068371302 0.04662857123306097 0.024724350070747147 0.056378817681699646
0 3 0.09912819207759173 0.08932865748711029 -0.07961779645297047 0.035032010392117965 -0.05549502733519636 0.09372085125461811 0.012788770698297642 0.08310119646612335 0.02851970703288409 0.025834209370677853 -0.05246512361285888
1 0 0.0458775531270644
1 1 0.03583963731157028
1 2 -0.08798468016102101
1 3 -0.09154802670300287
1 4 -0.05517210520527353
1 5 -0.07257225127815597
1 6 -0.039314971624246166
1 7 0.03632946310430936
1 8 -0.04774214482397999
1 9 0.06700203713489375
