## RankNet
## Epochs = 100
## No. of features = 3
## No. of hidden layers = 1
## Layer 1: 10 neurons
1 2 3
1
10
0 0 -0.3528006190052985 -0.7524613847423441 -0.7297278375426709 -0.7955937243475496 0.4634946840065092 -0.6192135593482821 0.5823252704929908 -0.5702344000584469 -0.16351279873084565 -0.7405969300703956
0 1 -0.7307190369503179 -1.537328860492106 -1.4780577661235272 -1.5992452847339262 0.9883652879108246 -1.1203784128538008 1.132216347655223 -0.9876050033404894 -0.40298082694898635 -1.4395250318991577
0 2 -0.07868618772636565 0.09375840234248513 -0.08419213494534389 -0.038566214450682576 -0.08409773153033748 -0.06058520320458889 -0.06580706556879115 -0.021706138511012142 0.08248204741094659 -0.03793564224450328
0 3 0.05438353188370935 -0.03856064651477481 -0.010582385322263766 0.09857782704324126 0.04798425942866939 -0.04345722676819354 0.011187708323622095 0.012692948429216566 -0.0027061087922836146 0.04943400480285975 -0.004197501995387574
1 0 -0.05768327952062028
1 1 -0.11646296890972664
1 2 -0.11301714558017295
1 3 -0.12671068085952975
1 4 0.08913935184324485
1 5 -0.0905063877835789
1 6 0.11467566650060612
1 7 -0.09862138369700336
1 8 -0.030544547200059804
1 9 -0.11282656133392475
